1.0787903488111913e-06
0.019580645617957807
0.0013747053977221572
1.140604396603717e-05
0.009988288212299683
0.023291018691055432
0.011216006744430277
3.086177605643209e-06
0.026438765005707503
0.020004373596537166
0.014725972662091465
0.0042135512873574706
0.0011549575734131638
2.575134657752726e-06
8.945116698606158e-05
0.020027432718246276
0.009479535217697099
0.018617426457499926
0.039358814945028596
0.017770530884549843
0.0013306488526673818
2.7917100125852752e-05
0.07425971163839505
0.07993069702344345
0.015672382868405946
0.004091049473675683
0.07833874698854777
0.045424955532657185
0.026625746752189944
0.0473942723430712
0.06999556441184146
0.09591920021888228
0.039758906362349626
0.04031535647244489
0.053155427617624
0.06410899740273364
0.012640430003742556
0.03411939926338618
0.05907543348634936
0.09284300144681662
0.09411613814097657
0.10994089810476858
0.05374698309472059
0.0820998403306526
0.0415458425625972
0.13364968383168
0.14462169560210975
0.1073296443941255
0.09158216918770372
0.09774208058426169
0.0846081485703379
0.08164442273569503
0.1272591221489148
0.18456762145121822
0.13085872863232878
0.175769244825228
0.08971043460902203
0.1729805944462106
0.2222748186322143
0.1956553184628732
0.3207880938366183
0.19959774042455444
0.293621889065619
0.2729522500243884
0.18471630901574806
0.20088643905709017
0.23805504782391146
0.18389812753801907
0.20526999397368403
0.22332832524809484
0.31288689838304434
0.33282537559315956
0.2531649368068264
0.3813012334260415
0.3833830212668859
0.3872822303191941
0.37181194813414054
0.35231064315548677
0.47479350664867115
0.6047700567282717
0.3863754060959709
0.4708896923420926
0.5540519417734577
0.5922676815026672
0.5772852660629864
0.4678360488984302
0.7163800961281623
0.5315779404420108
0.6062833015604211
0.6315784845742975
0.7801569627411226
0.6034361189549207
0.7320440868477348
0.6627486774411604
0.6629325090921006
0.7301923465002199
0.8279321777574725
0.7582178454739612
0.7653752192183098
0.79427589830402
0.8354050349539346
0.8510620272673262
0.8154220203517583
0.8431697851869558
0.826568147345833
0.7783045842747321
0.8488021543098261
0.6725095976407676
0.7603921398338349
0.8864674671897573
0.692825536487233
0.5805537737467396
0.6780048657096281
0.5457920008737565
0.6049246569471695
0.6068527091251898
0.5709264816646831
0.5597814529180248
0.48147920661916427
0.513542502097705
0.4698704320433554
0.349300948911337
0.4300779517096363
0.3493915284621531
0.37401581030380415
0.38951724371283564
0.4629696111595285
0.3573573075323397
0.24389728249570566
0.3443997907113338
0.33529726057873377
0.26573185424646817
0.29088438071320355
0.21325464444635345
0.29063314998170425
0.2573685038346086
0.30034782973270696
0.1653071971676536
0.1505941134560538
0.24700435983806407
0.07963476339416573
0.09997165766325994
0.13450673977894348
0.08693314061412222
0.21407979653894324
0.11396719245833073
0.12996478697603905
0.09428382470962814
0.07518589537178222
0.09437339496520884
0.08911620746271985
0.04191543194648529
0.06125261796666202
0.19203901136574508
0.13993281844369526
0.07540920039667319
0.08643614722129574
0.06318435394770833
0.03900608783786628
0.004241265490377823
0.028587417101735336
0.0005800438842808749
0.03145546494836784
0.07496333623903366
0.006339400830292727
0.0342644059538559
0.037734013120286285
0.011565039601655579
0.048338137161959775
0.01682380821573032
0.028620648022332735
0.024384741325873312
0.03486244430473654
0.030266031337521145
0.016585173884730197
8.641591569488001e-05
0.01946450651188334
0.0009296252846914273
0.0009965068250141552
0.05610161863551678
0.020727432252646234
0.0731733739647971
0.00032816818810084983
0.00026633452289359915
0.0008006546903334431
0.019960898288293855
0.03426391907093156
0.00040682032774002507
0.010041665111421936
0.007330380089736735
0.007462496116363574
0.020957133653327898
8.663691667522656e-05
0.026757906721187878
0.00048087067056909634
1.9167991955503637e-10
0.001466898615423284
0.0005240889381413139
1.5735764381078894e-05
7.166484369243506e-09
2.5116926510264386e-06
4.7168703736517677e-07
