4.827566835688262e-09
1.5915539068039543e-06
0.0007708445992197425
6.355689340852499e-05
0.00012142634928707691
4.473064614604961e-06
1.4771978657688965e-06
0.013981858583089694
0.01967091977558829
4.530704399584344e-05
1.79162527880648e-05
0.01722943219228745
0.0019485166963854404
0.01974851130091214
0.0001284013796929397
0.011928480123363094
0.00022562518592601321
1.8796785409047786e-06
0.0022723247242378733
3.3921439431973828e-06
0.0327365772189362
0.015419096058343669
0.02000896170502277
0.017629453408949735
0.00019274685970255411
0.02429116330071955
0.0205086824151054
0.01788855868802171
0.03976509764771844
0.002258699331120941
9.941327784978809e-05
0.003822677991809163
0.05967260134338944
0.028887519205265014
0.009008744154978196
0.00956627950805154
0.02577525175438451
0.0006617064207709974
0.012574747649211604
0.0576235277334912
0.07540192194742223
0.059831900744208986
0.003016674123565587
0.09451807111683923
0.09657644730596497
0.11436089536740891
0.12099030168284675
0.02015648227306222
0.0977317118468175
0.08438384892037974
0.03601627202559866
0.1326782523858679
0.05290966847876567
0.03557477841404974
0.02792417610905311
0.07325245961240841
0.15748842977399913
0.18548190255262106
0.19894911817948843
0.0750999738480603
0.1094829635636283
0.08727674497035277
0.20240803118698592
0.14617059273774488
0.23118444250736403
0.310806002694473
0.29887234646158595
0.3055175737421626
0.2565718268017774
0.3884852364906973
0.32370027784105726
0.3412989252959987
0.3959977408051168
0.31091245450508
0.40216203372026005
0.3417413280513604
0.36125336748055964
0.37798581137482196
0.4552212910020773
0.40800528532956437
0.5056276903482751
0.45262602084870146
0.5932638514904355
0.4303707812917468
0.4355447660938274
0.495020625604807
0.5967755448171285
0.6026161673327292
0.5038381329241036
0.6959390107991204
0.7719066101262912
0.7147531075743343
0.7608270260245358
0.6392993771262391
0.7419850921497675
0.7139740722863579
0.7196567420208194
0.804832608240931
0.7639137086189693
0.8222130190339755
0.8262892924589897
0.7834567334374088
0.761875506086372
0.7099990532927132
0.678984037181131
0.7981725859677767
0.8547311890582525
0.7321031561203387
0.7435025794447415
0.6188764474789982
0.6614635916161595
0.6833394445908268
0.5562513347200698
0.554747126109577
0.5347797538302792
0.5183717388333487
0.6124911188004163
0.560992250135318
0.6280643696926268
0.5798048596568649
0.5103277605023322
0.4344740858757281
0.38722641378062006
0.43468170804654377
0.24804029005848374
0.4141502182782941
0.38297571960718396
0.3115583476644331
0.36390880588981217
0.29853163361240886
0.31981264343002125
0.24270905108443694
0.18727635248698932
0.2306548390055824
0.1904790200862869
0.22597609516967454
0.16773992334426677
0.20125873898292426
0.04292104885766904
0.12692451759614273
0.10486840648199644
0.12156990576195334
0.07827328240098406
0.10887889594736873
0.060437216617870375
0.09845364207344055
0.04139281613076474
0.044543164393476796
0.09904218432042328
0.01198058290095104
0.0795071671070383
0.09850563838187489
0.0681490288365973
0.14920467890592654
0.006717913656202243
0.03422741141685025
0.03628455326602929
0.06450124603832247
0.03218280876898786
0.01859743272163799
0.022246184897827332
0.05830808417636589
0.04168760511883642
0.018713779231050137
0.027806838424961306
0.01458367566467209
0.01374301028176123
0.042717751946767156
0.04246321365187018
2.5966357641168837e-06
0.008558982788260264
0.021235284765018757
0.020220013689222844
0.0013030812967371414
8.381620784466966e-06
0.039822799942175496
0.0017442203722522979
0.01933513911783143
0.05926155517707948
0.0005784418067394113
0.000640702858026452
0.03998561512997896
0.019996694156767175
2.6726635569102052e-05
0.019370759985101512
0.020000834773100943
0.02395621505287532
0.004860233095521067
0.03202029763860143
3.301351870890268e-08
5.245668383686525e-07
0.0002221187862400044
0.018743924737879007
0.003029494054487682
2.9924376754917686e-07
5.948739730736868e-06
2.6010224659849765e-05
0.0016577571103773775
3.1115118609498646e-08
0.009790822047722499
0.00013400523550263123
0.029744680649489715
