0.02953468001207007
0.045590054730172566
0.04179567972049293
0.06096205468652219
0.05551376654640574
0.04762206937487349
0.059016356002650046
0.0628091325374178
0.012822892633715064
0.03166946531877618
0.05342124621845395
0.05489336297195907
0.06199479049828265
0.06439335625477235
0.04630332846934421
0.04858712183674028
0.06654001596966068
0.07896428265568141
0.055974586472819124
0.10469836954017751
0.07003066527909066
0.07570351758965331
0.0880663652803526
0.09791777370737631
0.08022434654339232
0.08031750245386951
0.08510324845381487
0.09323221015831669
0.10180885180134766
0.13401293550718102
0.05660951799356711
0.10754583223823487
0.16647315953107794
0.11649223785628707
0.10919980133098176
0.10796948700413199
0.1560616200188546
0.14468079911207313
0.18278773439249732
0.10846921822208401
0.1707894499390682
0.14986110927637483
0.21313937872751632
0.13664574506072635
0.20041746129082996
0.19634941016003737
0.16736146386257397
0.25367557594894263
0.24447051556069696
0.24143451926171292
0.20199219845315186
0.18150340690531983
0.20524414540132668
0.2564084643260166
0.25200693331382096
0.25702016018513485
0.2744095587585359
0.2635057238355166
0.27947773325615916
0.2804422357009617
0.28868987404155155
0.3787637104694985
0.3895256215314881
0.38185883660149694
0.36905924406186963
0.38128856705796466
0.4265422690708654
0.404219846427619
0.4658776215570798
0.35116148982453466
0.4045963193209049
0.45028167086095566
0.43071654139677934
0.44986298011042797
0.4347037639195369
0.5160973863945562
0.5247734188164818
0.4811904100643819
0.4904726594491068
0.5045044943656224
0.5228741784925491
0.563995699913854
0.5703843882995505
0.5751404872871133
0.577995863447099
0.6283625760024034
0.5258450382637402
0.6561898101898964
0.6610834784695258
0.6891694925560775
0.6822662805835468
0.6827023704884922
0.6751912863493973
0.7548783816614448
0.6925614372265139
0.7154220197530826
0.744669230010006
0.7575849041469818
0.6953175616315798
0.7028874014768564
0.7873302710708093
0.7889952535637823
0.7351969953288267
0.7432686411765156
0.7478434097816063
0.7348329720578142
0.7279966321408182
0.7012012894834994
0.6838502391733572
0.6389529469305482
0.688017146879688
0.6074901577553184
0.6049552203069385
0.6463323701244369
0.5157738398421868
0.6510299088697417
0.563924146988249
0.5798586128355335
0.545281880246171
0.510102605274706
0.5554659683759232
0.48422737103980795
0.4823303072601422
0.40348761155302854
0.441590859528027
0.36359000256331997
0.37824835336946694
0.3885411484394083
0.42563333278529764
0.3605551208683271
0.3920217821443077
0.2989171529842212
0.31210769521171017
0.28694873573377
0.35437351941933853
0.2830887565311434
0.2874898509690186
0.25893102838984144
0.2572815843658714
0.2165710545005091
0.1950006896592178
0.2491647911991917
0.21766320660398664
0.17135561770969446
0.17348049287453285
0.15610682738974174
0.19038323824733805
0.13667702670264947
0.13790366644107557
0.11572888939749523
0.1502466214379518
0.12003344622318672
0.14818331285511452
0.14892402426985654
0.12427532615617985
0.12187130060142401
0.10720966699952193
0.08215887403615987
0.15056934292097296
0.08958479249036898
0.08883136172013967
0.10202024484245242
0.0660193264889878
0.09251421093964304
0.07601762847940907
0.056358257799908086
0.06911039960239496
0.05857643437002308
0.07130781103969025
0.04606859173715991
0.06735146229745975
0.07772029004070484
0.02712846118853813
0.027328456599012008
0.03330191068139217
0.04679736188526027
0.03772701688393821
0.0412675513631735
0.026308945066226632
0.032195051059350006
0.048055480646905596
0.03209763260961203
0.04707036827243085
0.05026941702395032
0.037826770061023536
0.04196929321696155
0.01332703151263553
0.01900036145809716
0.030462601193870387
0.02554857672327096
0.03576122521302049
0.013713261142467077
0.019758960312904094
0.01991521203255389
0.031665915425449845
0.01907173441059016
0.026080816207459723
0.04209863109833626
0.008970555375952389
0.010843332851129246
0.015329763838190649
0.007777538993801294
