0.04269264986038169
0.04495260306470431
0.013952929497281358
0.039397871033548124
0.04255108308528671
0.017817970242624957
0.01587415818503751
0.04188430234495214
0.030805640476659787
0.03968302155021985
0.024644770744582642
0.020522866249095186
0.047559916261410554
0.06327045861628075
0.03875501293890698
0.043439544156346946
0.028285287396088
0.05206738429939149
0.042172660610196325
0.029368301357811932
0.055773703791526304
0.07711696898125367
0.05612887203064231
0.08562681573138604
0.06282771313590019
0.06420630108712637
0.05775441797623649
0.07397548572188327
0.09653840197153196
0.07584743040491877
0.08652809705077553
0.07725250512168592
0.09474188686973753
0.06439295112556004
0.1048695369427054
0.08608522345686752
0.07794136719687464
0.10191739379982906
0.14022780842804503
0.15244311992450688
0.10753465544925421
0.1218447286999982
0.16134452326057988
0.20332498097230736
0.12771466035542775
0.1515219851413229
0.19084660951177776
0.22607254613768393
0.19857166902602794
0.1923571023985112
0.1755935086677193
0.12673266472267247
0.21961582307857838
0.23663787579235937
0.24450072100783987
0.1926206034424673
0.25875701986440885
0.2349648585675356
0.25182779609311945
0.2827043513812329
0.23533679690015238
0.2764591789021691
0.31266565821647324
0.33125481567406356
0.2641813378949255
0.34548837439669217
0.3215375847895507
0.35550559544025484
0.417064492153026
0.3728249614687436
0.4398932731462832
0.4002475655645116
0.3831298609163039
0.36174146728966916
0.42825025317241217
0.5075179008430227
0.4815362494037541
0.4785860209467217
0.6096027950312161
0.5877455876019773
0.5515462522806716
0.5149495259299103
0.5782898335609483
0.5334580200297186
0.563950094242361
0.6071814688547414
0.5897052512272802
0.574461855338165
0.6413597005614844
0.6158980123479801
0.6337745575432319
0.6112157808182026
0.6703685199299874
0.7156968467888748
0.7234603239419516
0.7340240261544659
0.742078398888279
0.7667172413274654
0.7945895531311803
0.7987942688166055
0.8012157552264284
0.8099831681840343
0.7518870838729271
0.772449414330783
0.7222397292416837
0.76353365275322
0.6663652496249196
0.7025917169336973
0.6547598025247976
0.6795912009000267
0.6901931914371986
0.6790327311463148
0.6354977755169134
0.5916136929123941
0.5871565553161928
0.6165281532567642
0.5826399123725976
0.5532166943192879
0.5479567501536287
0.5577648810816811
0.5534913589012657
0.5639111905388542
0.4707330359112586
0.486069412768738
0.5247248120734108
0.41202511371131023
0.43304822405627075
0.43567555354175097
0.4258639127656841
0.3541487509979416
0.3928099084949749
0.35921240966234236
0.3153251962614924
0.3089969154995926
0.32573166874627957
0.32664112969027537
0.36910319116577905
0.27874056053087565
0.30832082608678507
0.2816998885388544
0.21263358524919632
0.20907405944135649
0.19593784573569883
0.21888326767301286
0.2594372140400592
0.245300304671903
0.21324694699864644
0.1899754310017852
0.187520877398048
0.14144710963356621
0.2207774191858794
0.10681030264154892
0.13434744311265492
0.1024808160262907
0.13708583577049244
0.08752928994235532
0.12830652668313886
0.08143591931820816
0.1077461068292217
0.10314005645358634
0.05714839381336729
0.08030114981405465
0.07789228569373903
0.06498864223908521
0.06184080783480187
0.042429052141346915
0.05334335217195173
0.08397452206346719
0.06745084506332645
0.09466933658903968
0.07592698885436444
0.04713267161246635
0.06075772321030364
0.07080270707522418
0.05302238536553585
0.03624628920589318
0.06351371164879589
0.07206717010932062
0.08868045146504593
0.03690819599458478
0.06496995157484607
0.02137145177921895
0.04235477640505783
0.023832856435563352
0.05216891199474853
0.046734400984220936
0.0565990559883439
0.03177072907408639
0.04398797952630215
0.026093860400430574
0.030793173127897273
0.03740855387028869
0.029260921134602175
0.015018730439019655
0.016354271797416657
0.025382077907263295
0.020573520645056395
0.013076414143952761
0.009915123497210762
0.03512636827804888
0.02400918132560532
0.015384950064264373
