0.03343735938599606
0.01753627614100709
0.019744544394025048
0.011743407300729258
0.05929558756622149
0.02107794782975307
0.04868276575380472
0.0331155363602769
0.013225317343767315
0.030126539206333024
0.026869660409992703
0.02986385328360882
0.052086639810901315
0.047377231632646614
0.050587536054987295
0.03786181534244953
0.051769345263162306
0.047543896023767365
0.07373680651386347
0.03210252097099946
0.053364768634528395
0.061804642401292804
0.03814037704562736
0.05214145896679588
0.06183057602642839
0.1061058805151365
0.05860427710555967
0.06602237191333356
0.058227613096032055
0.05234509275433145
0.07218638514187614
0.06803644680711003
0.06890151768853002
0.06908554926528641
0.13332814118882028
0.08431629020368735
0.05357249396736693
0.12256134241786598
0.0940246961146362
0.1305255513219342
0.13028583210559946
0.10791992262983625
0.1291160668397237
0.14759532180230944
0.16992018303172848
0.16057968488434493
0.19435346188481206
0.175058841430801
0.1363193728414762
0.2128391417799751
0.20654204267471205
0.1432276580723667
0.19881962704229245
0.24360341865462012
0.18946522295402787
0.19247913773467137
0.194143358589342
0.24187029468070595
0.24510194007374542
0.26045736565709765
0.3368705020062875
0.2950437597651061
0.23865946091125362
0.3029228607672963
0.3137227157575314
0.32362870518381814
0.3180205887611307
0.30047805461050897
0.2994206831929465
0.4244987927063
0.4286476028920342
0.35842646426752156
0.38257741443493476
0.4479277899067904
0.42963203511620146
0.42948260827381646
0.4213165118218942
0.4343839586162473
0.45805915403610514
0.4453207272399462
0.5430934318073842
0.5213920038204943
0.4925987241281261
0.5074213056492413
0.5276878463988568
0.5704874786741874
0.5492044858642136
0.5273988596741335
0.5706444025466715
0.5833966514586019
0.5513804821354572
0.6793200614249583
0.550777125476841
0.6596341230738847
0.7028651368357649
0.6620760751301643
0.7536406571236839
0.7065475963573508
0.7043836717237437
0.7455675676749505
0.7275282290914212
0.7832216173106997
0.707577844597563
0.7132419586641149
0.7205042022030387
0.7023194813362375
0.6775165858888739
0.7316603428223114
0.6602448285361229
0.5701450445004315
0.6235293215950308
0.6671776687448251
0.6184860741482562
0.6277466759128761
0.5572633355160822
0.5462570809339029
0.5158260578824637
0.5685320380551783
0.5135338119319396
0.4627416803164829
0.4898080211356191
0.5178731423439247
0.48756416744025943
0.3965865915900363
0.4157686554001576
0.43312776260800706
0.48374921211582483
0.368930002412938
0.43518917987888217
0.4096486623376194
0.361994635941099
0.32975680990685236
0.38808467519556034
0.3771795164861622
0.28579641278405676
0.28231196557111693
0.36260516982577656
0.3077114945479545
0.250972276042166
0.2602522612348603
0.2736617090620422
0.24063507872847978
0.17999581880099313
0.19425285678814658
0.21199480361810888
0.26033867141370076
0.2371268464217285
0.2350634416933695
0.2064524753105083
0.2315474094449018
0.1736981800690782
0.18772098230329007
0.19284775745849841
0.18164773279467475
0.10987519346101793
0.15533948626434452
0.15987295108872793
0.143198501753046
0.10220841326745736
0.09730007984834949
0.143172135231498
0.17917568125716316
0.11070990799842256
0.10014881429077836
0.14421838841254123
0.08680629410236985
0.10705620419117357
0.08924914248882533
0.08459740105381501
0.07875098364725226
0.09312972674399124
0.09781429025892377
0.09821273552761145
0.08164370060072898
0.03628584374120587
0.05796967332730155
0.07814789234995938
0.07735248863314548
0.08308624042317848
0.09237116124402935
0.06011603527129035
0.049968665473319164
0.05114782669908699
0.0752011384819872
0.03480030461420603
0.04555453184812922
0.06217037921284071
0.05504174024439852
0.05847640544648952
0.049457604771876794
0.04610955855184997
0.03301499467072605
0.0285718334123615
0.043758226002477606
0.03400251793373628
0.03740681962268614
0.025203092120939633
0.03418395851425743
0.03543443489457622
0.05955192894572327
0.04673363865738153
0.025033842473713774
