4.737290273232583e-06
3.613220355010349e-07
1.7828039427236103e-21
4.539807379262509e-10
0.008136052451392107
0.019999973057439883
1.0324851381614006e-17
0.07993052092679971
0.022435132620454254
0.02000735657391199
6.924050632958389e-10
6.637737277707103e-11
0.057853631471179376
0.05929855574996729
0.019999914048730257
0.020000000001824853
0.05999999997431348
0.11989882003458883
0.0007534348053077339
0.10271423634354601
0.02000000567182073
0.0802112406532213
0.07172730422889764
0.059999395353014295
0.010691350876677566
0.05999746903422335
0.060014903079270356
0.09999213538334012
0.06058678085968826
0.06932625771480279
0.0800000000000049
0.08000433253079646
0.07518789531705346
0.15783568598638173
0.07998727911865637
0.16000430352677142
0.12461912889776662
0.13987557545351906
0.12260395278071826
0.12000093606928464
0.19846523939626276
0.13292400069912508
0.18951394492612184
0.18000903878413424
0.24212984103801907
0.1583946530563527
0.18010628445042415
0.20050588461942234
0.24018616430297632
0.30014372629060637
0.16000117762464008
0.27926207909570444
0.16300626294232948
0.25206059502987815
0.2258814568259502
0.19892285403491847
0.3228360195024348
0.3396881900472253
0.3242877056776074
0.24872125605250126
0.3472635182043036
0.3091277952393264
0.32715188123792127
0.31751350778082776
0.36096922551219807
0.35324080377252814
0.3655806138622842
0.3002621627074856
0.45428867667149386
0.3209698674212859
0.4810195913107698
0.43750012569692914
0.5648653661374373
0.4768211323839708
0.42062065496618956
0.43696723099479495
0.4883363213038189
0.5594924669370095
0.5800363396105611
0.4970015819846351
0.4397022464910023
0.4510738708039403
0.41791325342885344
0.614769142138734
0.667964390689941
0.6651265774434034
0.5829549116530922
0.6728260508189792
0.6984647533537358
0.5993560923601177
0.7006882457613768
0.629752445584311
0.7101521216414627
0.627510892502026
0.6999600461242873
0.5432913916860744
0.7394731241905206
0.6592499645998646
0.7318349267274253
0.6400671735254061
0.7024324672198217
0.7065577002211678
0.795749244732965
0.6827332014210458
0.6594014130884915
0.7235745397309592
0.7948433000350451
0.6222000181722681
0.719389674742934
0.6192439540727441
0.5617569707524487
0.6765400178178661
0.6188630911049481
0.6218342487530301
0.7198423569461019
0.6475262240377618
0.6146259458186621
0.5014800096050793
0.5343536376686088
0.5733583840937239
0.5340268017897244
0.5420696690757231
0.5963428772250627
0.6040885413490752
0.5397828954137208
0.5613613802973701
0.5598599690168371
0.5027707269498548
0.5055725021010573
0.33725724683404035
0.4549370984548097
0.4431887924551008
0.5771282913595231
0.4010471710150762
0.40000020393675484
0.4630385238353115
0.43694455999575726
0.5148247821485655
0.44003802240748885
0.47553236928377546
0.4903524914617982
0.3799215487143394
0.40080084429509355
0.3860304675143895
0.43994498946477556
0.46795733858433636
0.3004482774109097
0.5418478492235336
0.339383392083148
0.27305103921997864
0.44375033942701275
0.30014752635646075
0.36127859076238134
0.2670500313524126
0.3117540172379971
0.3199998305061814
0.36073696237832426
0.25984785383534753
0.22899694537431256
0.40112739453550506
0.38018261187283164
0.33314134141618523
0.3418065823677827
0.43956420096352106
0.21850636361678888
0.37892666881073167
0.24702026321838005
0.26002658563869485
0.39095743259618815
0.27547746204246215
0.24698840432409788
0.33551234379415845
0.25468345041886414
0.15879112162402884
0.2922458619101446
0.26170966585970074
0.3400023904850848
0.3368592614706751
0.2766084605609045
0.32274394284826974
0.2998694897619297
0.20057908133881364
0.2404834563316618
0.223467194429386
0.23965799143980512
0.1532145436612108
0.2137627646361626
0.14051391720550968
0.22037053578350602
0.24873757089630066
0.13789462315095732
0.16025788087760304
0.2800731624457349
0.1438605565038197
0.24082835120234042
0.23901015295385045
0.2816808525819442
0.21597128848810207
0.1555075855178449
0.14014392990105143
0.17376459381528606
0.14508907477781677
