0.039999999999981585
0.019978970947823332
3.2101523363288813e-08
0.020693965630793978
0.020306531143169576
0.04000342308817229
0.020002230199696908
0.03999998761747635
0.039929194510121634
8.204510214232344e-05
0.040283335459574576
0.03597869583499184
0.030824015106512937
0.03984384691852528
0.059518799121469027
0.07923409888976654
0.019998403298793238
0.023532233934687796
0.05414202266842651
0.08000000734784901
0.02000073708873995
0.04000000090596581
0.10384235002997795
0.047201615423268166
0.08045057350870702
0.01813818613089388
0.08594789283500681
0.158209264990696
0.17958022658588554
0.12338395564171453
0.14358578946869457
0.1853996009830806
0.13898707485699063
0.11997738943330301
0.1268831234887451
0.18444789931770003
0.20063375766393074
0.30509276725261
0.24032591551495638
0.22086008997085016
0.07961055731497842
0.26943614387863707
0.33807205878753793
0.29952999363206
0.23746466516011652
0.1833678710392912
0.16831173708875063
0.31857876756485537
0.3396992289186326
0.32680350978807865
0.22000022134251154
0.21839693174709637
0.5044938621460312
0.2801173481311885
0.4387825143566687
0.4213346931256264
0.2973003746635433
0.34009660884167076
0.3759418142823162
0.2798793265929187
0.3928590179535212
0.37456828595851804
0.3237492957535907
0.369576324706759
0.4200170037410158
0.4504806957295379
0.5394572349286245
0.4999033290488222
0.3876815974227912
0.4483287356105622
0.3720104953250747
0.48126043493847975
0.7553685482289686
0.5717349830596249
0.5669069961063017
0.5782541656960213
0.5175722585812667
0.5397430958138668
0.5799225681335746
0.6083960156620514
0.599976977882701
0.6890452766703571
0.7066972448849981
0.6576714098221748
0.6556977336367598
0.6800305043792448
0.7281298893441789
0.5956071654985723
0.6700703743238683
0.7450599440713088
0.6811169464989082
0.5802669039005418
0.6076854260443633
0.6815437752111752
0.6773815707359184
0.7000937340774902
0.770586597978922
0.7998734605243573
0.6999822408507183
0.7605473750909946
0.7222158552327711
0.746132013950997
0.6968491647419731
0.5800892043649131
0.6833278953315687
0.7313810406177236
0.7820150455893776
0.780540954718534
0.7476355651425468
0.6600090977208799
0.7577847993933403
0.6732120534560138
0.694224705323276
0.5080806060864961
0.5996729442780816
0.6460070821639099
0.5553691637003371
0.7446565736816919
0.5629614016958572
0.8758967508001058
0.5625599012879476
0.6388718552301448
0.6799912548184455
0.6200000179886073
0.7000876616452569
0.5407168946268088
0.7011731123761191
0.6298693361297136
0.7703077990778937
0.6400361005523795
0.6643246596983917
0.6000627255438324
0.5597093484962146
0.6503406689832493
0.5920790134493811
0.5947529641021706
0.5797072926826513
0.5958183805971918
0.6797289207875402
0.5323372966302694
0.6000099100214045
0.5599688117782646
0.5041701726722517
0.6176731041173416
0.4733316659686402
0.6199627040189475
0.6224906485229856
0.4995621958637098
0.626130705033219
0.4773673381706059
0.5695227791042494
0.44003063963352845
0.4999871466554936
0.5149998619238176
0.3999996031928118
0.45999674018420705
0.4827306975199631
0.4799854721445801
0.41964210018446096
0.4908006092127863
0.41985558904685677
0.5057345226689852
0.3790034915120055
0.38851403661858486
0.47739194072373453
0.43131367597618936
0.5036638853356051
0.44510927646385834
0.47805133458843413
0.5437459751729957
0.45056077276837614
0.4000004138016269
0.4282668416223153
0.41723791134235383
0.30695051095455517
0.5615106782989011
0.4801815789970486
0.43644167732731215
0.39844847502033864
0.4938734624846666
0.3848775575758968
0.3002851036758249
0.4250395996403617
0.3200288858556142
0.32834036454666754
0.2582517349310661
0.3401568503106521
0.3408511194790665
0.32337153906006555
0.3827570617104958
0.3551532986065216
0.25968488846625565
0.2587287749386584
0.3022897882857564
0.37994258046430107
0.2799999089175839
0.3400163679574849
0.42916074735737253
0.29607816433030637
0.2646848250429023
0.33376965277782544
0.29992639284447586
