0.019995235711246444
0.019999132036501943
1.3344378279045614e-15
0.02
0.019997558490965447
5.295798625932101e-22
1.3796062427917782e-23
3.313730557663599e-10
0.015927043739676443
0.040006128027669875
4.879395808384707e-13
0.039769132000352585
0.019997072389762453
5.541789975473008e-09
2.7195647596961055e-08
0.010414446909397548
0.02000000002895988
5.687215217951823e-11
0.04184481754751616
0.019999948471051826
0.019999998629052575
0.039395598590907785
7.356727711926684e-09
0.08983054694307331
0.06202681114230346
0.05999375075134289
3.401891160364295e-05
0.020005928906533074
5.0051114381143484e-08
0.06000797322645258
0.07807525116171384
8.84656197488384e-09
0.10007978252241241
0.08496777297326812
0.07937556099531114
0.06000040714684388
0.04012032163333904
0.13932769899273315
0.12047116175518569
0.0474154540499124
0.08002032588057849
0.09994800878945487
0.04002303041131897
0.05996213546832717
0.12005234202188957
0.13997834075281987
0.10043001533328144
0.2077769772606001
0.20652197744734538
0.1398007451807193
0.24039631225487057
0.1654015674369487
0.13217303517383985
0.2743593015793272
0.19351794296527197
0.1998888047468641
0.3069755218099972
0.3294867988149329
0.2896032222406193
0.2541080633155046
0.29664677779246434
0.3031237289992074
0.2968706889680838
0.2509492433471462
0.23367451938984243
0.3747404495143662
0.33945311898498803
0.26092797600365614
0.30602394016798184
0.286773735863778
0.3598973506186839
0.40040018404937044
0.298683368699449
0.47979010329130667
0.4200807700915343
0.5193700732641096
0.3839675740631675
0.47958843824906483
0.4434972654028537
0.6381408682023093
0.6346031492389375
0.5659093399466939
0.45242868880725995
0.5655921954188091
0.5401482173815153
0.6665183029397449
0.506271071311616
0.5582997632116029
0.5026088417904676
0.5093051539066704
0.6413393753783895
0.6108740095960192
0.5816327076427832
0.44035614018564057
0.5645097094986052
0.6621398771774023
0.6612429179615386
0.6413335269730246
0.6780230786433168
0.6352821198984943
0.6510416144631563
0.6937826502615446
0.659478697821953
0.7399259801035284
0.7003924729367448
0.6796675854790799
0.7076047230902642
0.670309028501532
0.7400023327308548
0.5171959216888588
0.6477849482574142
0.6960288893636014
0.5199846946761995
0.6609016784889533
0.6906258936146037
0.5396354215726776
0.6799752608090602
0.5366794700987829
0.5432191300886532
0.6122580886414725
0.5588400753276237
0.48456482946277085
0.5845574071462695
0.46474552178194345
0.6982127622726461
0.51718813169741
0.5631435383878329
0.6061494173611996
0.49798646853137
0.45953916772278625
0.41413791141372036
0.5615661982606216
0.4778469858712536
0.40572674662362895
0.39939408767041273
0.36119354336619597
0.5281587880492978
0.3524740005796313
0.41644482036599184
0.38039887436849185
0.34107753532368207
0.2779808785748662
0.4399999024661916
0.25542556679032175
0.4668379025360854
0.30074559379463184
0.31920455368307116
0.24001168487515512
0.28565372813665946
0.30355376054679134
0.4605741379747946
0.3079531305300191
0.15909858598095855
0.295181587601887
0.2668877975537649
0.2801146208974113
0.11213258181911893
0.38145131941013943
0.3624519583585561
0.3588107567469582
0.23790560331217891
0.1980068832740077
0.33876559041373044
0.19226697893648698
0.2395502827204485
0.20025134147848606
0.1799503566199588
0.23798564861913743
0.28486554917436235
0.2003157837523442
0.1786452201327368
0.19367252746024174
0.24357803290807448
0.1789180980347216
0.2516432783248755
0.17626937257888378
0.10477890506635676
0.21678210420253863
0.3000001086538744
0.13008004018633038
0.1998928208167993
0.24871218656357083
0.20991265544494936
0.15994303387600492
0.16023844739438095
0.25520326889587686
0.15999999866146963
0.24353912049464946
0.07999998580421004
0.0800886697548112
0.05983040686052112
0.1598742321924797
0.09960803050982142
0.1399999999972341
0.060000928457037354
0.17884375667024352
0.1589134418474367
0.12000002077668512
0.0677527081173481
0.1400062766738748
0.16060285169442318
0.09999286309393046
