7.66660884421595e-07
2.894093685280854e-08
1.465038552483404e-07
8.031580604505268e-07
6.266846349317311e-09
7.50918977208559e-05
0.005570680350945783
7.533980616727732e-05
9.122191148220229e-10
0.004860622005050475
0.0006205971547163233
7.0144482924955046e-09
2.797574490921857e-07
1.5924159415239356e-05
0.019470375218101195
0.005225350696531093
6.921221264201171e-06
0.01882033229160699
0.0012335669672259466
0.0017982368395049158
3.9663849746572074e-05
4.017463959748919e-06
0.0011943956678638866
0.018761809138473435
0.0002518323291749362
0.004693660718577778
0.012072313388579548
0.001833191612253438
0.00821766449840779
0.0013278567003107325
0.0381530393844657
0.00021132107988201907
0.0018737550181627993
0.010205029639538728
0.0002767469849924175
0.04339477270480608
0.06238118089330584
0.05899077203498689
0.0002725641808781211
0.0035073449183105057
0.030468231122443422
0.05478110904502547
0.02982395847288311
0.04641120597463251
0.026402543447226427
0.05348187571354943
0.04087584489690983
0.0376567240483301
0.02719826260404699
0.06896354472207915
0.08013410098652536
0.04806078419489961
0.07668034015253915
0.09205482945226039
0.09134880774611494
0.12261548626319385
0.1503143291574584
0.13386836125728058
0.16562018870245956
0.10925687089379019
0.09248873773857376
0.07793893212690346
0.2103215592422994
0.09972649971434924
0.1272339978679347
0.1864329128140156
0.25026931991246165
0.280433282601925
0.244089023716776
0.3137318685751444
0.30936880470036215
0.31415077526819835
0.23512654625751006
0.29683503599206584
0.31978766527138425
0.3109904161447336
0.40493552715595216
0.3101109216686642
0.32668634088150234
0.4619611925133196
0.40745318695903415
0.4420689802007103
0.42927366944865053
0.5393278176672444
0.5886465579525317
0.5792349100654213
0.4437514590240522
0.4641112994858247
0.5910271187648676
0.6415809330427223
0.6802305453299305
0.7275649041907871
0.6225359121783083
0.6826411139111344
0.8355227333954074
0.8206188225766721
0.7852378331122573
0.7137784670898204
0.8625427612306248
0.8610502281645908
0.9396553882320535
0.8227691064393838
0.7842865759211314
0.850240165829432
0.8048260125022411
0.7326189321851214
0.6926629916043094
0.7908618889174921
0.6914638936273486
0.6822842227805456
0.7332863468129384
0.6314841938090724
0.5879955215556977
0.5519068008075165
0.5632678768826962
0.5603165452131397
0.5660074264571228
0.5373885035215552
0.4660883246988107
0.41852245543911604
0.3976392950156188
0.41893220776590084
0.39379191998123103
0.4023227087846079
0.3090637621546015
0.3820085888413255
0.3468091373993634
0.276955627971402
0.2959911054157924
0.27451303972135216
0.30449890208026015
0.218333766031139
0.22375755248383614
0.25779221268504626
0.2187387742307898
0.15453783401841073
0.21699492277266813
0.11968128267654692
0.12748049659175878
0.18536031987747228
0.12027607152321729
0.13437113304774534
0.14812296681167134
0.07365186688886745
0.16528035356163673
0.09342530816834028
0.09809776268059399
0.06718367059146423
0.06936478672999895
0.048229265267987584
0.09494228832420461
0.05847494002969025
0.049961829703352695
0.07168051430546821
0.04445693891418857
0.05413318281400214
0.02282004140411973
0.059741709117811695
0.05825309801367158
0.051511448918769215
0.08017720898659897
0.024284644412212345
0.05937304845904797
0.012237391859719376
0.021677858212533013
0.031185518299303338
6.035752343015505e-05
0.01099648884971036
8.14440912272415e-05
0.006604271603222325
0.000971926515195392
0.060545720892079484
0.027312458941212352
0.01917488540700407
0.00038390920981636837
0.005261518143732792
0.00875314796675783
1.0833879803464966e-05
0.02038255804254839
0.020601064970118443
0.0004481013448592928
0.06934159375150646
0.005507113163936879
0.0013398265519624667
0.023998448057902452
1.5218210521212265e-05
0.020989828849189623
0.00436141679411134
0.05503808830470086
6.646132122776713e-06
3.287179317361377e-07
1.5188693558296363e-06
7.523168321686913e-07
5.1476472621937696e-08
0.00010799334016957226
6.230852178523666e-07
1.2417067636172722e-11
0.020076649675706743
1.7071271825558078e-12
1.7828222033278166e-05
0.0006751232061500283
0.019787830529375043
